86.401832   -93.940176   1.000000
-31.787797   23.504288   1.000000
-5.287743   6.367176   1.000000
2.490748   -110.746559   1.000000
-24.473711   -48.194446   1.000000
-23.942062   -4.274895   1.000000
133.891670   57.435985   1.000000
-44.806549   -27.133850   1.000000
-23.081132   -146.697989   1.000000
-75.163858   27.235001   1.000000
9.739047   60.945275   1.000000
-6.654447   42.706389   1.000000
46.640735   62.775875   1.000000
-77.474489   -39.121882   1.000000
-86.927755   -81.368192   1.000000
7.769170   15.040489   1.000000
148.109340   -92.397094   1.000000
-90.154352   93.905986   1.000000
33.536503   -33.084038   1.000000
-45.343713   110.134141   1.000000
-9.643503   -93.093883   1.000000
-13.191828   72.334209   1.000000
-75.699726   28.399613   1.000000
76.705237   -130.402205   1.000000
18.585866   36.879847   1.000000
-51.046560   -40.271224   1.000000
-65.146362   5.267667   1.000000
24.107796   76.058325   1.000000
-123.138715   -1.633188   1.000000
-23.562054   21.284411   1.000000
-90.289299   -108.554973   1.000000
-82.515628   11.856283   1.000000
-17.954860   -5.323217   1.000000
-97.980544   104.287272   1.000000
-124.844692   13.228951   1.000000
33.198048   52.258794   1.000000
-9.532814   17.473275   1.000000
140.429120   -57.465885   1.000000
12.818198   89.288338   1.000000
-48.510728   -143.945885   1.000000
9.093170   -143.710478   1.000000
-31.830095   -1.979418   1.000000
-108.999866   -45.932651   1.000000
2.946415   -4.922131   1.000000
-55.470983   116.245535   1.000000
-158.707723   31.944161   1.000000
-62.966588   43.606182   1.000000
33.416244   57.632539   1.000000
-33.114882   -55.979889   1.000000
-53.091739   -75.545438   1.000000
-19.378372   7.697676   1.000000
33.660690   80.248423   1.000000
-7.879562   3.988384   1.000000
-32.325178   43.140627   1.000000
1.558901   -69.231196   1.000000
217.981016   187.969966   1.000000
11.879692   -41.820222   1.000000
-103.531512   23.164324   1.000000
-77.623479   33.488093   1.000000
-3.033688   -12.795733   1.000000
-94.154054   -13.225953   1.000000
52.122557   23.145822   1.000000
0.714513   42.660045   1.000000
-6.581197   1.766774   1.000000
-26.064609   113.395289   1.000000
79.928224   40.762026   1.000000
-21.977179   -18.752925   1.000000
7.570647   -135.327297   1.000000
106.066829   83.822088   1.000000
20.694062   -66.187847   1.000000
47.743698   2.406634   1.000000
-51.197594   16.396667   1.000000
-7.211933   -69.552089   1.000000
536.468734   66.260499   1.000000
257.795621   118.640342   1.000000
-83.144942   13.605962   1.000000
51.236091   -47.611007   1.000000
-88.480898   -21.208978   1.000000
-165.983737   17.021382   1.000000
47.146298   -44.780434   1.000000
6.995738   25.098887   1.000000
51.212900   46.526490   1.000000
-1.233623   39.298701   1.000000
36.143394   -19.420296   1.000000
-19.882560   4.813965   1.000000
9.671579   -3.641565   1.000000
10.268611   -4.077345   1.000000
9.923483   -94.291855   1.000000
110.259980   -34.427152   1.000000
51.331055   -15.542325   1.000000
1.373421   -69.556382   1.000000
-3.699416   28.329969   1.000000
-50.576018   26.187239   1.000000
62.347922   30.990766   1.000000
-8.171411   32.729308   1.000000
18.166699   16.468461   1.000000
-151.895104   -3.719259   1.000000
9.460020   -8.621955   1.000000
-11.050280   9.485268   1.000000
19.213245   -5.500136   1.000000
76.980891   -44.824192   1.000000
-17.265412   -3.361792   1.000000
-50.381821   -7.804322   1.000000
42.785506   -36.997378   1.000000
-62.940927   15.817004   1.000000
-25.729870   58.814332   1.000000
28.322749   16.852634   1.000000
14.938303   14.668878   1.000000
3.051134   -73.279951   1.000000
-38.033042   39.074169   1.000000
28.066477   40.708970   1.000000
52.800316   -79.246941   1.000000
49.172247   60.866264   1.000000
59.491045   -45.733570   1.000000
-51.104567   12.316029   1.000000
134.587596   45.989808   1.000000
24.979440   -44.947059   1.000000
47.151569   21.080146   1.000000
4.821938   23.406237   1.000000
79.996077   -20.201176   1.000000
97.638401   7.974012   1.000000
49.133185   23.265391   1.000000
83.394388   -8.915598   1.000000
30.725858   -62.554383   1.000000
129.858074   -19.647501   -1.000000
102.514403   4.603777   -1.000000
151.118822   43.025361   -1.000000
70.100401   -10.679083   -1.000000
-55.810437   22.806406   -1.000000
-37.701964   74.727845   -1.000000
-28.903794   -116.579694   -1.000000
182.296182   -64.405460   -1.000000
26.964495   -25.449709   -1.000000
-0.284573   -10.645398   -1.000000
-14.884892   12.742664   -1.000000
61.295492   -3.830532   -1.000000
46.871013   64.340290   -1.000000
24.828820   -59.691548   -1.000000
46.359186   -23.787696   -1.000000
-12.670070   5.972605   -1.000000
-1.923966   11.997444   -1.000000
54.127237   -38.351089   -1.000000
36.365913   -8.678448   -1.000000
-6.675090   -8.158408   -1.000000
54.260478   -31.409399   -1.000000
31.556113   -100.844464   -1.000000
26.128497   42.830801   -1.000000
15.097811   79.133735   -1.000000
53.231894   -58.692292   -1.000000
17.481123   -47.455415   -1.000000
38.134950   -19.377170   -1.000000
113.533490   40.972908   -1.000000
-28.798694   -15.293845   -1.000000
-90.718796   15.240031   -1.000000
3.897165   27.376513   -1.000000
-67.546950   -31.844665   -1.000000
-16.260019   102.147944   -1.000000
-17.215001   28.907425   -1.000000
-23.819631   137.840930   -1.000000
59.795252   16.876058   -1.000000
44.794590   59.602819   -1.000000
35.596496   11.072748   -1.000000
-23.208605   30.897670   -1.000000
-112.658680   39.782943   -1.000000
7.313574   -25.611150   -1.000000
125.492744   -44.886839   -1.000000
59.961873   16.105235   -1.000000
1.047783   -5.540113   -1.000000
56.524224   -75.319011   -1.000000
90.728323   -84.925000   -1.000000
73.852797   -53.861670   -1.000000
73.992360   -4.827499   -1.000000
-78.633945   15.574567   -1.000000
18.704703   -51.591054   -1.000000
-10.770221   43.020658   -1.000000
-22.550665   21.664794   -1.000000
-15.218162   14.777589   -1.000000
82.910138   -16.331714   -1.000000
55.346845   -31.328498   -1.000000
-39.971399   4.216155   -1.000000
43.569127   -40.328363   -1.000000
14.173743   -3.157607   -1.000000
14.663794   16.966176   -1.000000
-12.155815   -10.382795   -1.000000
-72.750720   -51.891906   -1.000000
73.570246   -33.054109   -1.000000
36.393311   -71.945992   -1.000000
43.616879   81.319600   -1.000000
67.754402   19.686245   -1.000000
56.603601   52.150217   -1.000000
-111.384898   -9.802934   -1.000000
12.880972   -2.170647   -1.000000
30.316112   -22.598517   -1.000000
-30.171297   -71.990677   -1.000000
-58.395709   39.427726   -1.000000
-28.216917   44.583279   -1.000000
-24.120284   -72.910013   -1.000000
-42.454774   47.584875   -1.000000
18.023464   -18.010181   -1.000000
-49.156103   -49.666151   -1.000000
-24.021413   -16.945854   -1.000000
46.848099   -71.935903   -1.000000
-22.635997   -1.318826   -1.000000
67.905896   -18.557146   -1.000000
56.348098   6.274922   -1.000000
25.503970   4.979328   -1.000000
24.737376   -57.699387   -1.000000
19.862066   -36.995388   -1.000000
18.003615   46.108284   -1.000000
-68.949885   44.035708   -1.000000
-85.794725   -18.286359   -1.000000
-58.682099   -4.770233   -1.000000
-87.102783   35.953392   -1.000000
-106.360265   -24.596515   -1.000000
24.952922   25.654557   -1.000000
-22.476773   -19.919562   -1.000000
-9.811701   -54.622182   -1.000000
-11.347711   -89.057963   -1.000000
-30.049232   17.046070   -1.000000
-37.798742   28.266537   -1.000000
-28.287875   69.945567   -1.000000
-80.013125   -17.219449   -1.000000
-16.329559   -38.800758   -1.000000
-1.373611   51.110539   -1.000000
-11.913590   -0.162151   -1.000000
-28.844838   29.019354   -1.000000
-99.828916   47.970024   -1.000000
-91.903733   47.173760   -1.000000
-122.446420   10.415771   -1.000000
-20.161526   53.887712   -1.000000
-102.166478   35.654222   -1.000000
-58.696521   -6.011006   -1.000000
-121.689502   -1.861227   -1.000000
29.872198   -1.235638   -1.000000
-63.016051   -36.047938   -1.000000
35.748944   49.436755   -1.000000
-25.272133   61.136476   -1.000000
-56.386938   41.248896   -1.000000
-28.834073   19.452851   -1.000000
-150.604514   1.477468   -1.000000
-24.164604   81.606192   -1.000000
-8.084327   -120.259293   -1.000000
-46.305436   21.261484   -1.000000
-74.236850   22.991061   -1.000000
-156.193890   -71.959308   -1.000000
-160.597285   87.571323   -1.000000
