51.215437   -4.925172   1.000000
-11.030028   9.821861   1.000000
-38.846715   112.527611   1.000000
-6.319990   78.894883   1.000000
24.514407   195.161568   1.000000
-29.553352   -5.995630   1.000000
-18.201775   6.967803   1.000000
-43.329987   76.181542   1.000000
-23.121678   -14.472691   1.000000
13.090226   -87.068555   1.000000
-84.808456   -71.907627   1.000000
34.435053   -42.255806   1.000000
122.080699   -25.860703   1.000000
-77.409831   108.491693   1.000000
-7.121251   -130.543224   1.000000
3.407446   11.530983   1.000000
-60.087515   -13.805525   1.000000
40.091878   93.670610   1.000000
8.748910   -27.701261   1.000000
-34.852830   -48.015644   1.000000
-17.300608   -58.000210   1.000000
-71.844376   36.341173   1.000000
-93.813044   -49.474641   1.000000
-54.232305   -55.397153   1.000000
-7.705919   7.246558   1.000000
-151.742583   -39.391707   1.000000
8.771246   -51.133041   1.000000
-7.296175   -2.253712   1.000000
138.629729   -41.504361   1.000000
-28.558471   151.249565   1.000000
-28.996072   -37.920425   1.000000
-44.673855   -91.934485   1.000000
-2.366963   11.032409   1.000000
-111.601662   -78.101312   1.000000
-90.563135   -2.018057   1.000000
22.873653   -29.180225   1.000000
-27.750773   -29.251511   1.000000
-45.470176   33.179692   1.000000
35.845755   -35.026767   1.000000
-17.596986   -7.091998   1.000000
-54.144082   56.180231   1.000000
209.941548   -141.195978   1.000000
-14.006833   -61.284794   1.000000
-74.938456   -65.951564   1.000000
-13.534224   18.822089   1.000000
-62.911075   42.356834   1.000000
29.196154   -10.464082   1.000000
-15.710728   -20.436983   1.000000
4.333962   55.730937   1.000000
1.325165   -0.863893   1.000000
22.968938   177.630042   1.000000
28.530175   -26.273773   1.000000
63.424772   -6.890008   1.000000
-49.492234   -54.771602   1.000000
191.348368   294.950190   1.000000
406.541326   -175.844382   1.000000
-83.770536   -15.486925   1.000000
51.900585   -78.105565   1.000000
-119.498222   -74.881029   1.000000
39.775927   105.021573   1.000000
7.912314   113.470028   1.000000
-12.776377   10.127265   1.000000
1.423799   4.559634   -1.000000
10.991299   -2.909172   -1.000000
5.992619   -68.579694   -1.000000
11.346461   50.683975   -1.000000
111.043790   -9.083097   -1.000000
23.995481   -37.025548   -1.000000
-23.312369   -25.192920   -1.000000
-16.024436   31.966972   -1.000000
24.914132   -29.521279   -1.000000
-9.997175   -54.074576   -1.000000
-93.150905   47.365864   -1.000000
17.944351   -3.773772   -1.000000
7.382817   14.363581   -1.000000
51.223876   -7.473499   -1.000000
-51.890459   -32.039776   -1.000000
27.071151   -26.669628   -1.000000
-58.654151   40.517748   -1.000000
-8.435307   16.326782   -1.000000
0.079579   -29.575023   -1.000000
13.152361   -36.479991   -1.000000
-15.678506   -7.310048   -1.000000
51.410960   56.847630   -1.000000
43.887238   8.211064   -1.000000
-23.115450   -23.559621   -1.000000
97.536614   -48.823994   -1.000000
52.626443   7.203549   -1.000000
17.957762   -35.970334   -1.000000
73.229211   44.350822   -1.000000
91.480896   5.779865   -1.000000
56.845993   37.366781   -1.000000
39.980836   74.978113   -1.000000
130.541298   29.323954   -1.000000
142.457301   0.086855   -1.000000
26.485673   -40.642815   -1.000000
-32.436264   25.700876   -1.000000
-49.994349   85.908987   -1.000000
148.542958   -20.956868   -1.000000
19.472550   -7.293119   -1.000000
6.422495   -39.685394   -1.000000
41.627567   -17.776516   -1.000000
35.821196   -19.404772   -1.000000
53.012048   11.367046   -1.000000
2.781416   28.421818   -1.000000
0.106318   57.432902   -1.000000
64.291468   -6.671124   -1.000000
-0.723253   12.583571   -1.000000
41.918945   -48.796342   -1.000000
67.582191   -44.847154   -1.000000
7.646111   3.973174   -1.000000
19.528724   -12.501767   -1.000000
53.554311   23.646693   -1.000000
72.516251   -48.364152   -1.000000
-48.922029   -18.615798   -1.000000
-28.982205   -30.448769   -1.000000
-26.459152   64.859706   -1.000000
-59.527203   52.045168   -1.000000
-23.533989   -119.384736   -1.000000
63.043849   -3.823694   -1.000000
26.328685   -0.967206   -1.000000
-1.296718   -24.867676   -1.000000
-115.025160   6.940063   -1.000000
104.910417   19.355779   -1.000000
59.951072   -36.544440   -1.000000
27.177272   38.928926   -1.000000
83.004052   -25.526742   -1.000000
109.693606   57.567518   -1.000000
27.051528   -16.924265   -1.000000
-53.574554   59.503085   -1.000000
2.765188   -28.733076   -1.000000
-33.623826   -9.382426   -1.000000
43.964174   41.502444   -1.000000
26.821967   -15.697410   -1.000000
-1.740573   5.499850   -1.000000
39.850198   -15.731032   -1.000000
14.929691   -35.595019   -1.000000
-45.696234   -37.712109   -1.000000
20.889540   25.680083   -1.000000
45.490538   86.480716   -1.000000
31.939888   28.699469   -1.000000
67.608930   77.397472   -1.000000
-119.077966   5.940400   -1.000000
18.523487   71.191861   -1.000000
-27.631174   -24.709400   -1.000000
-32.265837   -18.937380   -1.000000
-30.958107   0.971441   -1.000000
-24.539399   -36.950726   -1.000000
-8.695617   -19.263042   -1.000000
-40.479573   -9.917503   -1.000000
35.260567   58.920680   -1.000000
3.663538   11.620864   -1.000000
55.646657   46.756558   -1.000000
36.780806   -42.838136   -1.000000
18.104609   30.063255   -1.000000
31.496723   -4.780924   -1.000000
-45.842569   -20.103386   -1.000000
-67.475507   16.838284   -1.000000
-71.262124   -28.753971   -1.000000
-118.031842   10.016494   -1.000000
25.756662   -27.154901   -1.000000
-36.002388   -6.715310   -1.000000
9.251810   -9.585363   -1.000000
-17.108183   -27.224727   -1.000000
-26.713593   30.489516   -1.000000
-98.298877   21.473015   -1.000000
-36.801284   19.527329   -1.000000
-16.461310   -15.825286   -1.000000
-9.765432   -32.870806   -1.000000
-60.856267   -6.733321   -1.000000
-105.656754   -26.443586   -1.000000
-52.137944   -13.028611   -1.000000
-81.010383   38.832281   -1.000000
-93.277751   -39.296099   -1.000000
-16.643329   31.320084   -1.000000
-67.175630   47.710672   -1.000000
25.378274   7.334330   -1.000000
-86.684575   -37.521548   -1.000000
-32.194667   -89.690986   -1.000000
-52.483714   71.886601   -1.000000
-39.241712   81.910399   -1.000000
-48.132765   2.141972   -1.000000
-145.851932   -46.987327   -1.000000
-114.482138   -91.990957   -1.000000
